 [0.48158424]
 [0.48158424]
 [0.51433045]
 [0.48158424]
 [0.48158424]
 [0.51433045]
 [0.48158424]
 [0.51433045]
 [0.51433045]
 [0.48158424]
 [0.48158424]
 [0.51433045]
 [0.51433045]
 [0.48158424]
 [0.48158424]
 [0.48158424]
 [0.51433045]
 [0.51433045]
 [0.48158424]
 [0.48158424]
 [0.48158424]
 [0.35983788]
 [0.48158424]
 [0.48158424]
 [0.35983788]
 [0.48158424]
 [0.35983788]
 [0.35983788]
 [0.35983788]
 [0.48158424]
 [0.35983788]
 [0.35983788]
 [0.35983788]
 [0.48158424]
 [0.35983788]
 [0.35983788]
 [0.35983788]
 [0.48158424]
 [0.48158424]
 [0.48158424]
 [0.48158424]
 [0.35983788]
 [0.35983788]
 [0.35983788]
 [0.48158424]
 [0.48158424]
 [0.35983788]
 [0.55986349]
 [0.48158424]
 [0.35983788]
 [0.48158424]
 [0.35983788]
 [0.35983788]
 [0.35983788]
 [0.48158424]
 [0.35983788]
 [0.35983788]
 [0.48158424]
 [0.35983788]
 [0.48158424]
 [0.48158424]
 [0.48158424]
 [0.48158424]
 [0.48158424]
 [0.48158424]
 [0.48158424]
 [0.35983788]
 [0.35983788]
 [0.48158424]
 [0.48158424]
 [0.48158424]
 [0.35983788]
 [0.35983788]
 [0.35983788]
 [0.55986349]
 [0.35983788]
 [0.35983788]
 [0.48158424]
 [0.55986349]
 [0.35983788]
 [0.48158424]
 [0.55986349]
 [0.48158424]
 [0.35983788]
 [0.35983788]
 [0.35983788]
 [0.48158424]
 [0.48158424]
 [0.35983788]
 [0.35983788]
 [0.35983788]
 [0.35983788]
 [0.48158424]
 [0.48158424]
 [0.35983788]
 [0.48158424]
 [0.48158424]
 [0.48158424]
 [0.35983788]
 [0.35983788]
 [0.35983788]
 [0.35983788]
 [0.35983788]
 [0.35983788]
 [0.35983788]
 [0.35983788]
 [0.55986349]
 [0.35983788]
 [0.48158424]
 [0.55986349]
 [0.35983788]
 [0.48158424]
 [0.35983788]
 [0.35983788]
 [0.35983788]
 [0.60823361]
 [0.35983788]
 [0.48158424]
 [0.48158424]
 [0.48158424]
 [0.35983788]
 [0.48158424]
 [0.48158424]
 [0.48158424]
 [0.48158424]
 [0.35983788]
 [0.48158424]
 [0.35983788]
 [0.35983788]
 [0.35983788]
 [0.48158424]
 [0.48158424]
 [0.48158424]
 [0.48158424]
 [0.35983788]
 [0.48158424]
 [0.35983788]
 [0.48158424]
 [0.48158424]
 [0.35983788]
 [0.35983788]
 [0.35983788]
 [0.35983788]
 [0.48158424]
 [0.35983788]
 [0.48158424]
 [0.35983788]
 [0.35983788]
 [0.48158424]
 [0.35983788]
 [0.35983788]
 [0.35983788]
 [0.55986349]
 [0.35983788]
 [0.55986349]
 [0.35983788]
 [0.48158424]
 [0.35983788]
 [0.48158424]
 [0.35983788]
 [0.48158424]
 [0.48158424]
 [0.48158424]
 [0.48158424]
 [0.35983788]
 [0.55986349]
 [0.55986349]
 [0.35983788]
 [0.48158424]
 [0.35983788]
 [0.48158424]
 [0.48158424]
 [0.48158424]
 [0.35983788]
 [0.35983788]
 [0.48158424]
 [0.35983788]
 [0.55986349]
 [0.35983788]
 [0.48158424]
 [0.55986349]
 [0.48158424]
 [0.35983788]
 [0.55986349]
 [0.48158424]
 [0.35983788]
 [0.48158424]
 [0.35983788]
 [0.50284287]
 [0.50284287]
 [0.50284287]
 [0.50284287]
 [0.50284287]
 [0.50284287]
 [0.50284287]
 [0.50284287]
 [0.50284287]
 [0.50284287]
 [0.50284287]
 [0.50284287]
 [0.50284287]
 [0.50284287]
 [0.50284287]
 [0.50284287]
 [0.50284287]
 [0.50284287]
 [0.50284287]
 [0.50284287]
 [0.50284287]
 [0.50284287]
 [0.50284287]
 [0.50284287]
 [0.50284287]
 [0.50284287]
 [0.50284287]
 [0.50284287]
 [0.50284287]
 [0.50284287]
 [0.66078272]
 [0.50284287]
 [0.50284287]
 [0.50284287]
 [0.50284287]
 [0.50284287]
 [0.50284287]
 [0.50284287]
 [0.50284287]
 [0.50284287]
 [0.50284287]
 [0.50284287]
 [0.50284287]
 [0.50284287]
 [0.50284287]
 [0.50284287]
 [0.50284287]
 [0.50284287]
 [0.50284287]
 [0.50284287]
 [0.50284287]
 [0.50284287]
 [0.50284287]
 [0.50284287]
 [0.55986349]
 [0.50284287]
 [0.60823361]
 [0.60823361]
 [0.50284287]
 [0.55986349]
 [0.60823361]
 [0.50284287]
 [0.60823361]
 [0.50284287]
 [0.55986349]
 [0.60823361]
 [0.50284287]
 [0.55986349]
 [0.60823361]
 [0.50284287]
 [0.55986349]
 [0.60823361]
 [0.50284287]
 [0.50284287]
 [0.55986349]
 [0.50284287]
 [0.60823361]
 [0.50284287]
 [0.51534003]
 [0.60823361]
 [0.51534003]
 [0.51534003]
 [0.51534003]
 [0.50284287]
 [0.60823361]
 [0.60823361]
 [0.92047444]
 [0.66078272]
 [0.56678819]
 [0.56678819]
 [0.56678819]
 [0.56678819]
 [0.56678819]
 [0.56678819]
 [0.56678819]
 [0.56678819]
 [0.56678819]
 [0.56678819]
 [0.56678819]
 [0.56678819]